0501
  013e
    01
    01
    00
    00
    00
    00
  013e  // Type  - Context ID
    0022 // Length - 34
      64
      33
      31
      36
      63
      64
      32
      64
      64
      36
      62
      66
      38
      37
      30
      38
      39
      33
      64
      66
      62
      61
      61
      66
      31
      37
      66
      39
      36
      35
      38
      38
      34
      65
    0000 // Type - Session Key
      0100 // Length - 256
        30
        35
        45
        41
        32
        31
        46
        32
        44
        45
        39
        43
        41
        33
        39
        30
        30
        41
        36
        38
        32
        32
        35
        42
        32
        38
        45
        39
        32
        42
        34
        38
        41
        44
        43
        34
        30
        43
        39
        44
        44
        45
        37
        38
        34
        42
        35
        41
        41
        35
        46
        36
        39
        43
        34
        41
        45
        39
        36
        34
        33
        41
        38
        31
        31
        46
        35
        45
        36
        33
        36
        38
        41
        35
        39
        35
        46
        38
        35
        41
        32
        44
        36
        30
        46
        45
        42
        35
        46
        32
        36
        43
        45
        41
        42
        44
        32
        38
        44
        39
        34
        31
        44
        46
        30
        39
        43
        41
        39
        33
        33
        35
        30
        38
        45
        44
        31
        44
        36
        33
        41
        41
        42
        42
        30
        38
        43
        37
        34
        41
        31
        32
        39
        30
        32
        39
        44
        36
        42
        39
        44
        37
        38
        37
        32
        42
        42
        41
        38
        36
        34
        34
        30
        46
        45
        38
        41
        36
        37
        38
        42
        38
        46
        32
        46
        39
        38
        37
        37
        34
        42
        36
        35
        35
        33
        32
        31
        45
        31
        33
        38
        33
        33
        30
        46
        34
        45
        43
        31
        36
        43
        36
        41
        44
        44
        34
        31
        44
        34
        35
        46
        43
        42
        43
        33
        44
        37
        37
        46
        32
        43
        30
        39
        33
        30
        35
        36
        39
        41
        38
        39
        39
        32
        36
        39
        33
        39
        37
        39
        41
        43
        44
        39
        31
        30
        38
        33
        42
        45
        42
        43
        43
        30
        35
        36
        34
        45
        44
        46
        43
        46
        37
        37
        41
    4636
      0004 // 4 length
        32 31 37 36
    fea3
      1c19